
X=[40:10:300]
Y= [0:26] 


